3.315	9.199
12.169	13.608
14.473	18.864
17.381	24.967
16.968	25.081
24.737	26.272
20.358	26.375
21.285	26.721
24.823	35.874
34.540	38.896
31.284	39.749
38.168	41.053
41.651	42.208
43.045	46.145
46.552	48.128
47.736	50.613
49.314	54.465
61.076	68.438
68.599	72.387
72.894	77.344
76.517	79.822
76.879	87.269
80.391	88.100
81.397	88.687
86.202	89.330
87.537	91.449
86.067	91.818
90.055	93.256
87.687	95.075
90.598	97.017
97.076	99.442
103.628	109.808
105.692	111.755
108.846	114.909
114.717	115.214
121.615	128.993
119.756	129.279
120.840	130.303
124.417	130.497
128.126	131.184
125.001	131.752
126.756	132.294
124.901	132.554
135.483	136.413
130.546	137.497
136.810	140.359
136.474	140.405
137.852	146.176
143.190	146.522
146.939	148.910
143.831	150.160
152.313	153.350
158.781	166.462
160.985	167.268
158.105	168.851
162.330	170.140
165.783	170.834
162.191	170.947
167.733	171.281
168.601	172.551
172.597	174.745
175.171	177.292
176.162	178.780
180.682	183.949
182.248	184.780
182.505	186.605
184.010	187.891
186.104	188.741
184.874	191.228
187.643	192.036
190.783	192.385
194.382	195.848
193.622	198.108
197.899	201.923
198.700	204.313
203.056	206.252
206.525	212.098
210.316	214.117
210.384	215.531
211.740	216.120
213.079	218.791
212.902	218.922
219.261	220.918
218.589	221.251
221.880	222.396
225.511	230.884
226.974	232.669
230.013	234.275
229.767	234.966
226.098	235.009
235.703	237.351
234.202	238.019
234.393	238.665
237.592	240.256
239.770	241.194
242.771	246.960
245.993	251.543
247.331	252.816
247.564	253.740
247.479	254.059
252.117	254.148
257.582	265.676
258.979	266.718
263.924	267.516
265.113	267.959
267.569	271.489
269.625	271.638
274.408	276.105
276.629	278.558
280.342	281.362
291.997	297.511
289.774	298.678
294.931	299.434
299.979	303.219
295.567	303.503
305.705	308.158
305.992	310.402
309.488	313.410
310.438	313.860
310.894	313.873
313.246	315.335
316.834	319.647
319.062	324.716
317.508	325.433
324.358	327.767
320.933	327.998
325.765	328.501
322.373	329.107
321.120	329.591
326.374	330.181
326.505	332.091
329.171	332.623
333.878	334.693
334.143	335.012
326.909	335.267
333.954	335.652
335.949	337.714
338.843	340.198
351.302	359.104
353.271	360.026
356.333	362.548
357.485	363.079
361.496	364.636
361.454	365.771
362.916	366.807
363.362	367.323
365.007	368.154
366.351	369.742
366.775	369.958
367.802	371.137
368.923	371.558
369.567	372.646
372.204	373.838
371.979	376.913
377.713	379.361
384.991	393.950
390.309	395.948
394.456	397.716
400.004	405.198
404.983	408.231
409.779	411.873
409.894	414.714
411.198	417.520
420.455	421.289
421.565	424.592
411.332	425.180
423.125	426.616
427.054	428.508
430.746	433.884
432.614	436.476
433.859	438.171
434.087	441.263
439.461	441.388
441.189	444.411
439.887	447.179
449.180	449.673
446.800	449.869
454.074	460.234
461.826	465.438
463.309	473.387
469.401	476.778
477.218	478.550
471.870	478.811
480.166	484.091
488.631	496.754
489.910	497.199
490.496	497.578
508.323	516.031
509.717	517.031
513.069	517.637
514.782	518.202
511.719	518.579
517.563	520.485
519.281	523.141
522.597	527.416
526.855	530.063
525.387	530.084
529.572	531.240
538.088	543.618
539.644	545.064
539.655	548.135
545.399	548.905
548.244	551.887
550.772	552.927
552.354	553.217
557.089	563.377
557.639	563.549
557.945	563.743
558.915	564.646
561.094	567.226
574.734	581.385
575.664	581.540
571.319	581.794
579.926	583.685
575.531	585.365
585.908	587.122
585.977	587.452
591.103	597.545
591.837	597.981
592.643	599.389
594.851	599.541
599.294	605.284
592.990	605.316
601.958	606.257
599.866	608.521
607.694	609.572
608.647	613.211
610.197	615.414
615.211	618.043
618.333	619.429
621.097	626.489
621.816	629.125
625.360	629.521
626.652	629.923
628.240	632.585
629.050	633.478
629.896	633.825
629.998	635.952
631.139	636.198
631.485	637.635
630.931	637.821
639.541	643.106
641.253	646.636
643.556	648.299
647.760	649.798
646.593	652.465
644.393	653.224
652.773	653.484
651.538	654.086
656.628	658.197
657.335	660.320
657.850	664.079
658.417	664.366
660.625	665.334
663.617	666.511
665.807	668.449
661.575	669.398
671.912	674.456
678.082	686.891
678.585	687.503
687.014	690.081
695.492	702.533
697.321	707.679
699.791	707.875
706.305	709.305
714.043	720.321
716.864	721.985
726.949	732.534
727.090	732.782
738.779	745.675
738.706	746.426
742.029	746.861
740.707	748.083
748.298	749.999
748.576	750.695
751.027	755.419
755.322	757.571
755.988	758.147
756.501	762.117
775.901	783.064
784.145	784.806
784.217	786.590
785.681	788.290
790.847	793.135
791.140	795.187
793.826	798.874
795.021	802.062
801.847	802.860
801.250	805.396
806.536	814.019
807.330	815.900
816.900	819.770
815.132	819.895
820.332	822.738
820.331	822.876
832.954	841.404
843.389	848.171
843.485	849.532
850.262	852.039
846.852	852.610
852.965	857.502
853.848	859.034
853.693	859.183
856.564	860.371
856.615	861.357
861.687	863.336
856.296	863.828
857.589	864.001
859.303	864.253
866.120	868.477
867.010	870.118
866.458	870.683
867.215	873.142
868.715	873.708
869.111	875.939
875.700	881.054
881.046	884.607
881.259	886.266
881.880	887.429
881.819	888.497
885.574	889.369
891.501	896.063
893.759	898.349
897.986	902.097
901.977	903.793
898.241	906.529
905.672	907.167
904.793	908.316
907.113	908.756
908.019	910.466
909.513	911.804
912.585	914.061
917.305	924.613
921.684	926.027
922.139	929.023
924.645	929.707
926.034	930.656
928.621	933.353
931.038	936.106
933.642	936.489
933.281	936.565
937.799	942.825
940.095	944.405
941.517	948.261
942.626	948.692
940.263	948.773
944.858	950.355
947.267	951.449
949.734	953.669
952.088	953.933
951.101	955.406
954.446	957.222
954.280	957.388
957.930	958.839
958.314	960.149
959.853	964.565
962.392	965.876
972.195	978.350
979.442	984.407
979.518	990.091
980.961	990.168
988.916	991.515
994.348	998.908
997.743	1002.935
998.829	1003.625
995.283	1003.920
1002.107	1004.932
1000.366	1005.030
1004.592	1005.805
1000.669	1008.189
1007.336	1009.000
1007.400	1009.238
1009.870	1011.139
1010.750	1011.408
1012.875	1015.632
1012.593	1016.157
1020.554	1027.352
1020.092	1027.432
1022.947	1028.457
1023.809	1029.659
1029.158	1030.775
1032.831	1038.355
1039.192	1043.782
1040.843	1044.264
1054.947	1060.686
1058.167	1063.259
1061.300	1068.551
1064.687	1068.819
1065.445	1069.540
1066.869	1071.678
1069.236	1075.811
1074.683	1079.784
1081.491	1083.926
1081.659	1087.272
1085.869	1091.477
1082.003	1092.478
1086.859	1092.873
1093.667	1094.011
1096.830	1099.440
1096.954	1100.943
1109.104	1115.916
1112.704	1117.166
1110.419	1120.131
1119.278	1120.415
1127.725	1136.107
1130.030	1137.682
1135.355	1138.187
1131.202	1138.837
1136.492	1139.006
1136.624	1139.241
1137.980	1142.888
1147.481	1153.119
1147.894	1154.553
1151.178	1155.723
1153.945	1157.598
1152.081	1158.261
1158.923	1159.198
1155.535	1159.806
1165.563	1172.759
1172.496	1176.546
1178.223	1179.865
1181.592	1183.492
1184.102	1187.056
1186.923	1192.575
1190.196	1194.937
1188.618	1196.325
1192.779	1197.890
1193.312	1197.925
1192.037	1198.413
1207.532	1216.472
1216.273	1217.270
1210.673	1217.416
1217.695	1219.467
1209.035	1219.783
1221.008	1223.873
1221.349	1229.411
1224.471	1232.066
1225.275	1232.089
1226.697	1234.850
1226.188	1235.165
1228.708	1235.540
1242.165	1250.178
1242.908	1251.861
1256.693	1264.060
1262.129	1265.497
1269.960	1278.049
1268.983	1278.459
1274.900	1279.760
1277.227	1279.911
1273.100	1280.676
1277.463	1282.105
1281.152	1284.762
1282.456	1287.616
1283.120	1289.034
1291.020	1291.429
1288.741	1292.851
1292.962	1294.484
1295.547	1297.788
1301.646	1307.387
1311.045	1318.971
1312.648	1320.256
1329.357	1335.408
1328.552	1337.509
1335.557	1339.184
1338.260	1340.363
1337.475	1340.782
1339.041	1344.454
1343.777	1344.609
1345.878	1347.642
1344.757	1348.815
1348.114	1352.472
1352.414	1355.503
1349.499	1356.124
1353.349	1358.173
1352.849	1358.519
1352.664	1359.100
1355.049	1360.045
1356.659	1360.318
1353.364	1361.673
1360.258	1361.934
1357.189	1362.035
1355.615	1362.104
1354.985	1362.811
1361.435	1362.929
1366.487	1372.804
1375.681	1380.838
1378.892	1384.294
1381.570	1385.207
1382.103	1387.262
1376.146	1387.415
1380.025	1388.052
1382.166	1390.449
1388.150	1390.537
1390.414	1391.622
1390.783	1392.231
1389.629	1392.309
1392.394	1393.829
1388.564	1394.677
1392.442	1395.673
1396.312	1397.999
1398.629	1400.873
1400.134	1405.342
1404.471	1408.561
1406.769	1411.599
1407.015	1414.508
1411.030	1418.562
1421.761	1429.800
1427.052	1432.961
1431.000	1434.802
1428.618	1435.440
1433.117	1438.520
1434.103	1439.254
1432.331	1440.480
1440.030	1441.180
1438.430	1441.494
1440.120	1443.262
1443.929	1444.616
1445.827	1447.311
1447.035	1448.490
1449.199	1451.636
1451.151	1453.727
1451.632	1454.105
1452.283	1457.730
1454.040	1458.540
1455.748	1459.818
1462.061	1465.302
1462.863	1469.193
1464.796	1469.801
1467.418	1471.456
1467.871	1472.106
1468.104	1473.653
1472.105	1473.906
1469.845	1476.301
1473.701	1478.058
1476.125	1479.664
1481.194	1484.338
1491.221	1497.176
1491.564	1497.192
1490.629	1498.167
1494.680	1499.729
1495.309	1500.452
1494.309	1500.880
1509.146	1515.142
1510.634	1516.519
1509.280	1517.933
1518.473	1519.655
1512.510	1520.936
1519.619	1522.290
1521.407	1526.477
1522.261	1526.735
1525.554	1528.447
1525.413	1529.388
1532.152	1534.222
1532.767	1539.104
1533.507	1540.103
1533.007	1541.875
1535.307	1543.669
1543.183	1545.419
1545.111	1547.556
1547.292	1549.478
1548.862	1550.888
1558.706	1565.157
1559.875	1567.507
1561.375	1567.909
1567.293	1568.416
1568.714	1571.757
1571.481	1574.434
1572.976	1579.189
1575.113	1583.163
1580.756	1585.571
1581.321	1586.550
1583.879	1587.052
1587.086	1590.307
1592.798	1593.375
1593.181	1595.678
1600.687	1607.558
1598.795	1611.982
1608.525	1613.464
1613.049	1614.302
1615.820	1621.457
1620.191	1624.947
1623.445	1627.861
1629.594	1632.016
1630.320	1637.715
1636.441	1640.072
1637.255	1641.759
1639.467	1642.137
1640.141	1642.635
1632.299	1644.134
1633.592	1644.340
1644.038	1646.295
1651.961	1658.786
1654.165	1659.925
1659.907	1661.858
1660.160	1665.511
1667.235	1668.074
1668.179	1668.698
1671.270	1671.935
1674.707	1681.122
1676.039	1683.140
1681.787	1685.183
1679.535	1686.494
1687.839	1688.818
1683.653	1689.956
1688.339	1691.134
1691.186	1691.831
1689.135	1693.398
1692.204	1694.070
1693.284	1694.315
1694.680	1696.871
1695.366	1697.598
1696.077	1699.776
1697.112	1700.354
1698.370	1700.890
1700.712	1703.802
1703.063	1703.935
1697.228	1705.410
1699.089	1706.473
1700.271	1707.430
1706.268	1708.128
1705.746	1708.878
1707.049	1709.007
1706.760	1712.244
1707.731	1712.276
1707.646	1713.630
1710.800	1714.673
1715.897	1720.919
1719.324	1721.927
1720.334	1726.150
1719.823	1726.272
1721.933	1728.424
1729.639	1732.598
1731.648	1738.849
1738.372	1742.601
1735.081	1743.209
1742.680	1745.334
1750.859	1757.675
1748.357	1758.701
1753.969	1759.339
1759.497	1760.455
1752.818	1760.506
1764.692	1771.035
1765.158	1773.910
1769.220	1774.602
1773.761	1775.922
1769.633	1777.290
1768.666	1777.672
1775.461	1779.008
1769.025	1779.222
1785.783	1793.743
1792.263	1794.831
1789.589	1795.403
1794.657	1797.988
1800.267	1801.596
1795.712	1803.176
1800.698	1805.734
1805.248	1814.654
1808.797	1816.340
1811.954	1817.381
1815.070	1819.808
1818.598	1820.357
1822.516	1825.775
1827.217	1833.876
1832.812	1839.233
1837.752	1841.172
1838.926	1842.089
1840.885	1844.437
1844.409	1845.429
1847.073	1848.173
1847.353	1852.453
1848.540	1854.091
1850.025	1854.918
1852.189	1857.753
1853.501	1859.123
1851.108	1859.536
1855.959	1859.972
1858.447	1861.024
1857.262	1862.359
1864.550	1867.282
1866.025	1873.316
1871.940	1874.345
1867.471	1876.526
1876.496	1878.264
1873.840	1878.766
1872.001	1879.363
1878.958	1881.017
1883.342	1887.432
1885.602	1890.870
1887.410	1891.866
1888.232	1893.334
1891.687	1895.432
1904.672	1912.651
1906.244	1912.807
1911.607	1916.308
1909.693	1916.336
1912.320	1918.294
1912.184	1920.121
1916.808	1921.515
1920.825	1923.838
1920.796	1924.302
1923.531	1925.777
1923.988	1926.694
1924.597	1928.422
1935.834	1943.299
1940.529	1947.509
1937.186	1947.674
1946.060	1948.966
1947.148	1951.274
1945.604	1951.415
1950.385	1952.529
1947.354	1954.866
1956.935	1958.370
1957.316	1959.190
1961.371	1964.292
1961.704	1967.830
1969.256	1970.955
1972.968	1974.114
1975.005	1976.516
1975.730	1977.377
1975.906	1978.424
1981.730	1990.821
1982.409	1991.465
1993.306	1998.064
1995.390	2000.601
1995.884	2003.428
1999.956	2004.524
2000.175	2004.991
2004.144	2008.288
2006.269	2009.194
1997.547	2009.737
2007.434	2009.947
2005.252	2010.270
2008.887	2011.709
2007.469	2012.568
2009.320	2013.190
2012.218	2013.732
2023.521	2031.453
2022.363	2032.794
2029.697	2033.719
2028.649	2034.312
2026.574	2034.913
2026.576	2035.381
2027.956	2035.707
2035.836	2037.293
2038.219	2041.502
2038.327	2042.307
2039.849	2044.388
2046.462	2048.050
2047.601	2050.572
2049.895	2051.653
2050.259	2060.094
2055.895	2062.488
2061.147	2068.427
2063.184	2069.697
2065.177	2071.836
2065.193	2073.930
2074.556	2077.360
2079.042	2081.448
2080.184	2084.315
2081.374	2085.349
2085.504	2087.338
2086.636	2089.154
2093.035	2100.393
2095.133	2101.217
2096.319	2101.927
2097.963	2103.892
2102.341	2105.287
2105.447	2106.951
2108.521	2111.470
2112.958	2116.572
2115.452	2119.622
2115.743	2123.533
2118.558	2123.923
2120.472	2125.493
2123.737	2126.109
2125.569	2126.423
2120.290	2126.772
2131.268	2138.681
2135.485	2139.606
2134.034	2140.632
2137.556	2141.355
2134.557	2141.758
2144.095	2145.480
2144.201	2147.025
2150.658	2159.225
2155.344	2162.077
2163.739	2165.937
2168.357	2171.595
2169.974	2173.617
2170.923	2177.149
2171.749	2179.020
2178.106	2180.561
2177.811	2181.206
2180.022	2183.033
2178.212	2187.197
2189.581	2190.261
2189.859	2193.410
2198.150	2206.223
2199.503	2207.342
2201.931	2207.422
2200.847	2207.930
2203.031	2208.170
2206.658	2208.668
2204.413	2209.881
2206.441	2212.806
2207.248	2213.031
2213.292	2216.713
2215.643	2218.870
2220.957	2222.209
2221.432	2223.937
2225.312	2228.751
2228.224	2231.820
2230.111	2232.891
2231.459	2234.136
2233.792	2234.726
2237.028	2238.434
2237.641	2241.339
2238.039	2243.386
2239.967	2243.525
2247.100	2254.085
2250.827	2256.356
2252.394	2258.080
2254.805	2260.073
2255.883	2260.321
2252.608	2260.321
2256.830	2263.166
2261.338	2264.410
2263.848	2268.778
2270.765	2273.846
2273.889	2275.700
2286.104	2292.893
2288.987	2294.005
2290.377	2295.892
2290.232	2296.353
2294.189	2297.656
2291.025	2298.853
2288.655	2299.288
2298.733	2299.682
2289.093	2299.841
2299.689	2301.046
2297.583	2301.121
2295.834	2302.089
2300.490	2304.254
2302.270	2304.770
2303.517	2308.260
2313.558	2319.689
2313.015	2320.306
2317.663	2320.674
2313.691	2320.742
2318.622	2322.803
2317.735	2324.443
2330.425	2337.320
2340.829	2346.594
2343.860	2347.060
2345.731	2350.250
2350.638	2352.540
2350.819	2355.217
2350.952	2357.009
2359.093	2359.895
2360.497	2362.916
2360.910	2366.662
2370.536	2380.648
2377.695	2382.515
2372.968	2384.994
2377.818	2386.831
2382.840	2388.054
2378.598	2388.381
2376.412	2388.633
2376.580	2388.685
2390.960	2392.998
2391.431	2394.854
2395.810	2398.859
2399.158	2400.521
2404.670	2410.998
2406.520	2412.921
2410.259	2417.138
2414.922	2417.778
2419.336	2421.364
2415.259	2422.678
2420.141	2422.911
2424.576	2428.070
2425.234	2429.858
2426.376	2432.591
2430.462	2432.931
2434.663	2435.841
2434.586	2435.997
2439.464	2446.727
2443.951	2448.974
2440.455	2450.181
2442.696	2450.551
2447.889	2450.718
2442.243	2450.757
2452.062	2454.411
2453.937	2458.603
2466.644	2473.725
2465.544	2477.796
2476.704	2478.845
2477.074	2480.633
2473.231	2484.050
2485.597	2488.398
2486.896	2491.264
2491.974	2497.666
2503.522	2512.192
2508.766	2514.670
2504.179	2516.093
2510.995	2516.691
2509.303	2516.993
2515.648	2516.994
2512.120	2517.697
2516.145	2518.375
2519.789	2520.969
2517.507	2520.980
2524.076	2532.456
2524.886	2534.996
2532.158	2536.867
2531.828	2541.224
2535.486	2541.880
2536.385	2542.419
2537.422	2542.422
2540.328	2545.433
2541.474	2545.667
2538.910	2545.884
2542.848	2546.933
2545.517	2549.429
2550.500	2551.423
2558.415	2565.852
2560.277	2567.716
2567.557	2574.714
2568.259	2574.965
2573.592	2575.057
2567.820	2575.614
2577.325	2580.899
2587.217	2593.377
2584.203	2594.588
2588.968	2595.506
2590.265	2595.982
2592.994	2596.498
2594.844	2598.711
2596.158	2598.998
2592.652	2599.411
2603.487	2612.833
2603.855	2613.558
2609.282	2613.984
2611.404	2615.002
2611.773	2617.132
2614.599	2617.941
2616.479	2620.593
2618.153	2620.761
2619.391	2621.412
2621.051	2624.675
2624.262	2625.254
2624.290	2625.498
2627.224	2629.051
2626.294	2629.092
2627.337	2630.303
2631.215	2636.464
2637.685	2645.250
2648.496	2657.041
2651.675	2657.847
2655.301	2658.924
2656.704	2659.438
2666.516	2673.274
2667.454	2675.442
2668.443	2675.737
2676.015	2676.523
2680.341	2689.590
2690.405	2695.573
2700.685	2706.878
2702.932	2708.120
2706.628	2711.802
2711.203	2712.264
2707.516	2712.453
2706.137	2713.454
2711.924	2715.315
2719.996	2726.959
2724.830	2728.579
2729.713	2731.444
2731.845	2736.584
2735.317	2742.308
2737.437	2743.122
2736.824	2745.093
2745.555	2748.728
2746.707	2750.390
2744.746	2751.325
2749.919	2752.667
2746.732	2754.089
2750.340	2754.387
2753.836	2756.994
2754.088	2757.902
2756.235	2759.231
2759.125	2761.197
2763.009	2769.564
2764.239	2770.078
2764.346	2770.872
2765.920	2771.238
2764.680	2771.627
2772.017	2776.484
2774.320	2777.788
2773.125	2778.538
2776.539	2779.318
2780.084	2782.014
2777.850	2782.787
2782.069	2786.374
2786.675	2788.350
2790.221	2790.613
2792.733	2793.887
2798.372	2803.774
2799.114	2806.091
2800.379	2806.308
2800.924	2808.885
2807.409	2810.538
2809.111	2812.356
2815.272	2818.592
2816.200	2820.090
2818.657	2825.018
2824.970	2828.256
2825.359	2831.957
2828.828	2832.517
2829.666	2834.247
2833.427	2835.451
2829.748	2837.051
2832.239	2837.103
2833.981	2837.283
2828.165	2837.898
2839.583	2841.256
2845.581	2854.625
2847.259	2857.138
2852.649	2858.386
2847.060	2859.099
2857.519	2861.530
2856.084	2862.031
2859.575	2863.373
2861.990	2866.043
2866.607	2869.152
2867.175	2871.774
2870.375	2874.709
2874.433	2877.177
2867.590	2877.965
2877.046	2886.570
2883.147	2890.932
2885.094	2892.422
2887.367	2893.890
2887.472	2894.105
2886.241	2894.700
2889.618	2895.497
2892.804	2896.602
2890.820	2898.147
2897.110	2898.296
2896.932	2898.566
2897.322	2898.956
2898.518	2901.906
2891.523	2902.205
2901.837	2903.836
2902.473	2905.701
2908.072	2914.391
2909.224	2915.299
2910.145	2916.395
2911.096	2916.766
2917.564	2918.289
2921.393	2930.280
2923.886	2931.833
2922.000	2933.339
2925.966	2933.537
2933.451	2935.344
2923.909	2935.377
2933.816	2935.833
2936.963	2938.719
2938.476	2941.541
2939.226	2943.639
2941.348	2944.836
2945.985	2948.516
2946.322	2948.958
2946.423	2950.754
2952.905	2960.610
2956.760	2962.668
2956.852	2963.686
2962.605	2964.760
2959.459	2964.893
2951.396	2966.041
2964.199	2967.233
2967.018	2969.471
2967.379	2969.756
2967.433	2969.843
2968.731	2970.237
2963.042	2971.589
2969.085	2971.707
2971.526	2975.252
2974.780	2976.918
2977.166	2978.258
2974.251	2978.294
2977.230	2978.811
2980.934	2983.625
2989.865	2996.340
2993.582	2999.933
2995.876	3000.224
2997.313	3001.945
2991.334	3003.485
3000.329	3005.639
3011.155	3017.000
3013.376	3017.629
3016.324	3020.963
3016.785	3023.141
3014.834	3023.868
3023.211	3025.249
3017.869	3025.715
3025.798	3027.537
3026.455	3027.827
3022.779	3028.396
3035.252	3042.170
3036.454	3043.247
3038.964	3043.940
3044.278	3047.109
3044.944	3047.197
3047.705	3049.484
3046.029	3050.167
3054.914	3063.429
3058.947	3066.821
3054.635	3068.291
3066.033	3071.872
3072.071	3078.688
3073.038	3080.834
3073.900	3081.776
3082.123	3087.673
3085.168	3089.627
3089.354	3091.065
3092.300	3101.780
3095.321	3103.180
3103.199	3105.498
3102.868	3105.856
3105.638	3106.427
3110.515	3116.927
3112.368	3118.818
3114.211	3120.801
3113.287	3120.802
3117.637	3121.344
3115.793	3123.408
3130.014	3137.277
3132.445	3138.055
3132.755	3139.194
3131.231	3139.811
3140.045	3145.101
3141.075	3146.578
3147.288	3149.005
3149.973	3151.235
3150.628	3156.406
3154.282	3160.789
3159.565	3162.121
3161.648	3165.271
3171.317	3178.589
3169.803	3179.873
3171.496	3183.369
3182.002	3184.870
3181.828	3185.310
3183.308	3186.419
3188.328	3193.924
3189.215	3200.737
3197.030	3202.385
3201.749	3203.836
3196.447	3204.122
3202.813	3206.420
3206.453	3208.610
3205.695	3209.052
3207.809	3210.308
3212.770	3220.586
3214.926	3222.135
3218.957	3223.719
3218.915	3225.029
3219.657	3225.134
3219.232	3226.537
3224.659	3227.588
3224.650	3229.036
3227.356	3229.498
3226.980	3230.118
3230.658	3231.119
3227.693	3232.328
3230.995	3233.537
3235.120	3236.209
3234.871	3236.545
3237.264	3238.108
3237.662	3238.614
3238.644	3242.573
3243.622	3246.992
3245.956	3248.251
3246.820	3249.705
3255.965	3262.671
3258.662	3265.763
3258.598	3265.874
3262.802	3268.056
3262.971	3268.888
3268.572	3271.031
3278.950	3286.450
3284.403	3291.043
3285.124	3291.325
3288.636	3293.108
3285.827	3293.130
3290.351	3294.702
3291.130	3295.319
3287.583	3296.262
3291.825	3297.205
3298.067	3301.875
3302.549	3305.790
3302.815	3307.133
3305.203	3310.944
3306.719	3313.573
3310.558	3314.602
3311.367	3316.344
3312.188	3317.772
3314.194	3318.415
3317.532	3318.975
3314.959	3320.075
3315.289	3321.543
3330.323	3336.903
3330.009	3339.002
3345.283	3351.545
3354.209	3358.828
3354.464	3361.319
3355.797	3361.640
3356.906	3361.992
3356.854	3362.692
3363.954	3364.416
3356.762	3364.763
3363.096	3366.768
3369.070	3370.479
3369.859	3374.367
3370.374	3375.695
3375.893	3376.631
3370.072	3379.395
3377.304	3380.655
3381.071	3386.421
3383.774	3389.456
3383.919	3390.160
3386.112	3393.654
3393.407	3397.394
3398.060	3401.288
3398.581	3403.601
3401.967	3405.975
3402.178	3407.054
3404.956	3407.561
3409.040	3412.837
3414.699	3417.583
3409.693	3417.913
3419.602	3422.939
3421.026	3424.993
3422.004	3427.999
3423.355	3431.197
3425.241	3432.099
3427.405	3433.135
3434.241	3440.927
3436.461	3444.442
3446.209	3450.698
3446.845	3452.805
3455.622	3458.680
3456.812	3459.847
3467.910	3476.629
3472.182	3478.308
3470.695	3478.450
3465.770	3478.481
3469.496	3480.149
3468.874	3480.275
3476.850	3481.699
3477.453	3482.104
3480.334	3482.833
3481.138	3484.556
3484.596	3485.570
3492.259	3499.846
3497.309	3504.779
3498.476	3505.315
3499.916	3506.445
3503.320	3507.056
3508.870	3510.308
3509.064	3510.531
3509.320	3512.028
3510.633	3512.166
3511.094	3514.588
3512.380	3516.061
3513.961	3516.535
3516.098	3517.936
3518.809	3521.656
3520.659	3524.076
3521.743	3526.120
3526.336	3527.677
3527.309	3531.619
3528.113	3534.729
3532.733	3535.151
3529.548	3537.646
3535.809	3539.809
3540.729	3545.561
3548.112	3552.992
3557.343	3563.617
3557.971	3564.845
3559.319	3566.919
3559.328	3567.906
3560.502	3568.716
3568.602	3570.454
3569.574	3570.475
3572.222	3576.553
3574.396	3581.928
3581.805	3586.822
3580.455	3587.026
3584.528	3587.494
3578.271	3588.450
3589.136	3589.588
3588.663	3591.541
3598.933	3605.136
3602.194	3606.331
3599.515	3607.433
3599.420	3607.937
3608.513	3613.314
3615.035	3616.756
3616.231	3619.063
3617.889	3620.346
3619.414	3621.938
3621.416	3623.201
3630.032	3637.699
3629.091	3637.791
3628.659	3638.179
3630.403	3638.720
3632.217	3639.249
3637.927	3639.387
3631.293	3639.816
3634.907	3640.126
3638.446	3640.646
3640.369	3643.909
3647.292	3653.683
3649.761	3655.341
3651.731	3655.514
3653.461	3657.559
3655.297	3658.620
3655.019	3661.826
3661.019	3664.538
3662.326	3666.774
3666.457	3668.478
3668.968	3671.109
3669.042	3674.567
3676.457	3680.407
3678.313	3682.263
3683.857	3687.226
3684.125	3687.828
3684.237	3692.032
3688.954	3694.983
3689.051	3696.597
3692.876	3698.219
3692.378	3698.288
3693.772	3699.034
3694.578	3699.190
3693.380	3700.462
3699.661	3701.845
3702.804	3706.584
3705.761	3708.955
3707.537	3711.288
3705.808	3712.825
3708.297	3714.732
3712.900	3718.128
3719.892	3725.397
3723.814	3729.327
3734.074	3740.910
3737.541	3742.615
3734.870	3743.550
3738.394	3743.918
3738.353	3749.204
3748.192	3751.938
3749.129	3753.877
3750.002	3754.392
3752.613	3755.737
3752.632	3757.628
3755.559	3758.381
3757.561	3759.892
3756.080	3760.628
3757.959	3762.499
3759.574	3762.814
3758.464	3764.279
3759.821	3764.309
3760.181	3764.693
3769.179	3774.749
3768.905	3775.903
3770.845	3776.054
3773.998	3777.219
3776.814	3778.742
3773.354	3779.674
3777.131	3780.203
3775.128	3780.652
3777.173	3781.010
3780.768	3781.751
3772.645	3782.734
3780.872	3783.943
3781.782	3784.593
3782.642	3784.694
3790.478	3796.334
3789.622	3798.053
3800.341	3802.172
3800.824	3804.192
3804.098	3807.633
3809.473	3810.224
3812.892	3814.161
3814.484	3817.719
3822.751	3828.775
3827.553	3834.230
3822.466	3834.342
3828.144	3834.628
3826.797	3836.141
3834.381	3838.443
3839.947	3843.270
3847.426	3853.741
3857.144	3864.915
3861.661	3873.756
3868.601	3875.192
3870.713	3875.913
3873.925	3877.857
3869.251	3878.030
3876.574	3879.588
3876.416	3880.483
3874.615	3881.046
3887.642	3893.770
3892.194	3895.334
3896.492	3898.472
3897.095	3901.274
3900.554	3905.560
3903.805	3909.777
3913.291	3919.900
3913.036	3922.919
3918.850	3923.224
3915.270	3924.212
3921.571	3924.736
3919.680	3925.771
3925.360	3928.073
3923.382	3929.011
3929.308	3931.745
3935.157	3941.103
3936.696	3943.131
3950.689	3957.408
3951.780	3958.199
3948.153	3958.320
3950.471	3960.608
3959.342	3961.718
3966.463	3975.162
3967.760	3975.223
3972.933	3975.664
3965.133	3977.125
3974.548	3978.614
3968.402	3978.911
3974.254	3979.512
3981.502	3982.598
3979.934	3982.613
3974.932	3984.986
3983.642	3987.735
3986.000	3988.716
3987.070	3993.015
3990.547	3993.600
3997.202	4002.802
4001.903	4004.564
4002.376	4006.744
4006.282	4011.405
4007.789	4013.748
4010.060	4015.360
4016.120	4018.047
4009.072	4019.128
4017.621	4020.256
4017.830	4024.573
4023.195	4024.880
4024.749	4027.464
4027.207	4030.764
4033.632	4035.391
4033.791	4037.365
4034.235	4038.266
4037.509	4043.192
4034.770	4043.890
4038.726	4045.834
4045.871	4046.569
4042.895	4047.870
4045.640	4050.446
4046.648	4051.856
4053.043	4059.761
4057.842	4063.593
4065.864	4066.883
4065.994	4068.487
4067.290	4070.666
4069.162	4075.670
4071.053	4077.004
4085.689	4095.807
4090.949	4097.212
4090.491	4097.417
4092.587	4099.663
4093.343	4100.710
4097.353	4102.755
4103.005	4104.106
4102.625	4104.771
4104.654	4109.106
4107.786	4111.119
4107.894	4113.373
4110.872	4113.981
4113.923	4115.511
4115.522	4118.350
4116.521	4118.711
4117.435	4120.948
4119.268	4121.289
4133.300	4140.523
4130.267	4140.540
4133.799	4140.948
4138.922	4142.103
4134.830	4143.653
4135.150	4144.271
4134.086	4144.646
4141.139	4144.814
4140.000	4144.940
4145.864	4148.457
4150.968	4153.119
4152.044	4158.646
4154.910	4160.296
4152.276	4160.451
4156.001	4161.738
4163.768	4172.087
4168.888	4174.216
4169.070	4174.924
4172.578	4176.483
4172.938	4177.639
4168.956	4177.964
4172.610	4178.959
4176.416	4179.918
4176.640	4179.960
4174.382	4180.362
4172.978	4181.116
4180.380	4184.461
4192.598	4198.460
4194.132	4199.689
4195.857	4201.764
4196.142	4201.908
4197.287	4202.537
4198.691	4204.233
4202.157	4204.335
4202.428	4208.343
4207.479	4210.303
4208.776	4211.966
4209.863	4213.185
4204.995	4214.100
4210.189	4215.778
4210.156	4216.635
4212.059	4218.170
4209.928	4218.219
4214.069	4218.648
4212.137	4219.015
4212.139	4220.623
4215.990	4222.286
4221.687	4223.801
4221.329	4225.056
4225.287	4228.023
4222.229	4228.667
4228.630	4230.599
4230.976	4232.589
4229.942	4233.254
4235.649	4238.665
4233.054	4239.422
4238.824	4242.091
4238.210	4242.392
4243.819	4246.342
4244.187	4247.762
4245.213	4248.190
4246.097	4249.760
4245.430	4249.941
4246.458	4252.622
4247.726	4252.867
4248.146	4254.500
4253.186	4254.834
4247.294	4258.046
4256.221	4258.810
4257.716	4259.622
4260.997	4261.987
4264.306	4265.849
4266.241	4268.498
4267.490	4271.073
4268.230	4274.225
4272.666	4276.055
4273.400	4279.626
4276.592	4281.648
4278.500	4285.030
4280.335	4285.289
4277.735	4286.063
4281.053	4287.699
4286.416	4287.892
4287.323	4288.906
4285.076	4290.909
4289.416	4293.020
4293.278	4296.946
4291.951	4297.647
4299.355	4301.921
4302.429	4308.324
4320.673	4327.667
4322.986	4328.452
4323.470	4331.554
4324.838	4332.237
4327.874	4332.680
4332.386	4335.368
4336.530	4337.278
4334.379	4337.463
4337.652	4339.148
4338.642	4340.989
4339.848	4346.187
4341.340	4346.704
4351.055	4360.581
4350.937	4360.706
4353.774	4361.207
4351.636	4361.264
4355.922	4363.873
4362.814	4364.269
4357.830	4368.541
4364.605	4369.228
4368.924	4372.692
4380.855	4386.586
4383.661	4390.373
4386.735	4392.401
4390.807	4395.668
4395.800	4398.782
4395.989	4400.824
4399.412	4402.958
4399.695	4406.105
4404.800	4408.377
4406.025	4410.827
4406.737	4413.596
4408.915	4414.157
4415.333	4417.607
4409.097	4417.613
4425.982	4433.261
4427.695	4433.958
4425.155	4434.363
4433.695	4434.679
4427.122	4435.242
4426.908	4436.367
4435.214	4436.468
4429.312	4436.573
4433.893	4439.395
4436.209	4441.134
4439.658	4441.860
4440.436	4442.051
4443.308	4446.760
4445.990	4450.999
4447.426	4452.507
4448.435	4455.536
4450.219	4455.577
4448.056	4455.803
4451.910	4456.162
4456.590	4457.987
4449.176	4458.104
4458.858	4461.612
4462.290	4464.119
4460.206	4464.872
4463.531	4465.887
4468.815	4472.065
4475.649	4483.502
4477.067	4484.269
4477.024	4484.403
4487.429	4495.710
4493.594	4497.621
4494.558	4501.213
4490.321	4501.982
4504.600	4505.059
4500.768	4510.303
4509.731	4512.433
4511.550	4517.206
4514.487	4519.680
4518.327	4522.404
4514.505	4522.705
4521.277	4525.373
4526.162	4527.025
4521.200	4527.072
4526.632	4531.414
4533.028	4533.704
4534.944	4541.416
4540.733	4543.328
4537.339	4544.242
4543.671	4546.699
4547.896	4549.839
4551.159	4552.915
4557.565	4566.017
4565.957	4566.860
4559.780	4568.192
4566.483	4570.882
4566.029	4571.242
4573.151	4575.449
4577.152	4583.593
4577.282	4583.711
4576.050	4584.359
4580.153	4585.487
4582.064	4586.350
4579.380	4587.552
4584.104	4589.646
4585.643	4590.676
4586.050	4592.611
4593.698	4595.901
4593.891	4600.370
4599.454	4602.676
4605.578	4613.071
4607.695	4615.251
4610.680	4616.929
4609.611	4617.159
4613.315	4619.724
4615.626	4622.581
4623.170	4627.253
4628.318	4631.747
4629.422	4634.996
4640.318	4648.915
4644.176	4649.628
4641.416	4651.666
4644.864	4654.864
4649.701	4655.502
4655.536	4658.291
4655.796	4658.559
4655.817	4660.167
4662.727	4665.423
4662.960	4667.576
4665.839	4671.068
4666.448	4673.070
4670.824	4674.134
4668.383	4675.051
4681.986	4688.134
4690.268	4691.094
4693.424	4695.415
4694.179	4699.472
4696.966	4702.838
4704.415	4705.979
4705.476	4708.945
4707.393	4712.181
4709.091	4714.657
4712.382	4718.289
4714.386	4719.475
4715.147	4720.927
4716.564	4721.111
4717.030	4721.815
4720.758	4723.934
4723.980	4729.268
4744.032	4754.615
4751.838	4757.777
4752.989	4758.120
4753.204	4758.679
4758.104	4765.893
4764.607	4768.794
4765.405	4771.568
4770.245	4775.884
4771.740	4777.181
4774.993	4778.380
4776.494	4780.443
4776.928	4783.545
4777.584	4784.650
4777.156	4784.702
4781.139	4784.783
4780.254	4785.563
4785.750	4789.780
4787.714	4792.744
4798.318	4804.253
4798.079	4804.370
4798.966	4805.254
4803.579	4806.881
4803.827	4807.304
4798.633	4808.541
4810.140	4810.893
4810.067	4813.147
4816.815	4824.213
4825.590	4828.692
4831.147	4834.832
4831.251	4838.334
4832.092	4839.684
4842.176	4844.969
4844.049	4845.584
4844.492	4847.475
4846.862	4850.598
4845.440	4850.952
4848.932	4852.828
4848.761	4855.863
4855.812	4856.948
4859.632	4863.865
4865.070	4867.541
4877.304	4884.487
4882.171	4885.803
4878.686	4889.441
4891.013	4893.653
4892.781	4895.380
4895.429	4898.964
4897.361	4903.919
4896.016	4907.766
4899.347	4907.907
4902.169	4908.861
4910.356	4911.493
4911.225	4912.000
4912.195	4915.297
4912.600	4916.345
4914.643	4921.243
4917.069	4921.502
4917.971	4924.056
4918.150	4924.610
4918.075	4927.219
4921.763	4928.045
4926.725	4933.095
4932.062	4934.591
4932.365	4939.191
4933.482	4939.700
4949.081	4955.285
4946.300	4955.694
4955.495	4956.716
4958.594	4961.655
4968.040	4975.019
4972.821	4977.764
4970.148	4978.191
4973.465	4978.428
4973.977	4979.678
4969.300	4979.742
4969.159	4981.244
4979.833	4983.250
4988.746	4995.539
4988.211	4996.934
